005:006:001:STREAM             1606696246.244870
 01 02 00 00 00 00 00 00 00 00 00 00 00 00 00 00
 00 00 00 00 00

005:006:001:STREAM             1606696246.417386
 01 02 00 00 80 00 00 00 00 00 00 00 00 00 00 00
 00 00 00 00 00

005:006:001:STREAM             1606696246.479861
 01 00 00 00 80 00 00 00 00 00 00 00 00 00 00 00
 00 00 00 00 00

005:006:001:STREAM             1606696246.549865
 01 00 00 00 00 00 00 00 00 00 00 00 00 00 00 00
 00 00 00 00 00

005:006:001:STREAM             1606696246.625577
 01 00 00 08 00 00 00 00 00 00 00 00 00 00 00 00
 00 00 00 00 00

005:006:001:STREAM             1606696246.731860
 01 00 00 00 00 00 00 00 00 00 00 00 00 00 00 00
 00 00 00 00 00

005:006:001:STREAM             1606696246.738331
 01 00 00 01 00 00 00 00 00 00 00 00 00 00 00 00
 00 00 00 00 00

005:006:001:STREAM             1606696246.865867
 01 00 00 00 00 00 00 00 00 00 00 00 00 00 00 00
 00 00 00 00 00

005:006:001:STREAM             1606696246.885855
 01 00 00 00 00 00 00 10 00 00 00 00 00 00 00 00
 00 00 00 00 00

005:006:001:STREAM             1606696247.005857
 01 00 00 00 00 00 00 00 00 00 00 00 00 00 00 00
 00 00 00 00 00

005:006:001:STREAM             1606696247.307074
 01 00 00 00 10 00 00 00 00 00 00 00 00 00 00 00
 00 00 00 00 00

005:006:001:STREAM             1606696247.470857
 01 00 00 00 00 00 00 00 00 00 00 00 00 00 00 00
 00 00 00 00 00

005:006:001:STREAM             1606696247.587846
 01 00 00 00 00 01 00 00 00 00 00 00 00 00 00 00
 00 00 00 00 00

005:006:001:STREAM             1606696247.704866
 01 00 00 00 00 00 00 00 00 00 00 00 00 00 00 00
 00 00 00 00 00

005:006:001:STREAM             1606696247.789377
 01 00 00 10 00 00 00 00 00 00 00 00 00 00 00 00
 00 00 00 00 00

005:006:001:STREAM             1606696247.908867
 01 00 00 00 00 00 00 00 00 00 00 00 00 00 00 00
 00 00 00 00 00

005:006:001:STREAM             1606696248.058356
 01 00 40 00 00 00 00 00 00 00 00 00 00 00 00 00
 00 00 00 00 00

005:006:001:STREAM             1606696248.167390
 01 00 00 00 00 00 00 00 00 00 00 00 00 00 00 00
 00 00 00 00 00

005:006:001:STREAM             1606696248.169331
 01 00 00 40 00 00 00 00 00 00 00 00 00 00 00 00
 00 00 00 00 00

005:006:001:STREAM             1606696248.287863
 01 00 00 00 00 00 00 00 00 00 00 00 00 00 00 00
 00 00 00 00 00

005:006:001:STREAM             1606696248.849371
 01 00 00 00 00 00 00 10 00 00 00 00 00 00 00 00
 00 00 00 00 00

005:006:001:STREAM             1606696248.967492
 01 00 00 00 00 00 00 00 00 00 00 00 00 00 00 00
 00 00 00 00 00

005:006:001:STREAM             1606696248.978389
 01 00 20 00 00 00 00 00 00 00 00 00 00 00 00 00
 00 00 00 00 00

005:006:001:STREAM             1606696249.063350
 01 00 00 00 00 00 00 00 00 00 00 00 00 00 00 00
 00 00 00 00 00

005:006:001:STREAM             1606696249.199859
 01 00 00 00 20 00 00 00 00 00 00 00 00 00 00 00
 00 00 00 00 00

005:006:001:STREAM             1606696249.301862
 01 00 00 00 00 00 00 00 00 00 00 00 00 00 00 00
 00 00 00 00 00

005:006:001:STREAM             1606696250.223868
 01 00 00 00 04 00 00 00 00 00 00 00 00 00 00 00
 00 00 00 00 00

005:006:001:STREAM             1606696250.338366
 01 00 00 00 00 00 00 00 00 00 00 00 00 00 00 00
 00 00 00 00 00

005:006:001:STREAM             1606696250.352332
 01 00 00 00 00 04 00 00 00 00 00 00 00 00 00 00
 00 00 00 00 00

005:006:001:STREAM             1606696250.450548
 01 00 00 00 00 00 00 00 00 00 00 00 00 00 00 00
 00 00 00 00 00

005:006:001:STREAM             1606696250.473868
 01 00 00 00 02 00 00 00 00 00 00 00 00 00 00 00
 00 00 00 00 00

005:006:001:STREAM             1606696250.564862
 01 00 00 00 00 00 00 00 00 00 00 00 00 00 00 00
 00 00 00 00 00

005:006:001:STREAM             1606696250.715855
 01 00 00 00 00 00 00 10 00 00 00 00 00 00 00 00
 00 00 00 00 00

005:006:001:STREAM             1606696250.832359
 01 00 00 00 00 00 00 00 00 00 00 00 00 00 00 00
 00 00 00 00 00

005:006:001:STREAM             1606696250.879836
 01 00 00 02 00 00 00 00 00 00 00 00 00 00 00 00
 00 00 00 00 00

005:006:001:STREAM             1606696250.977870
 01 00 00 00 00 00 00 00 00 00 00 00 00 00 00 00
 00 00 00 00 00

005:006:001:STREAM             1606696250.993482
 01 00 00 00 04 00 00 00 00 00 00 00 00 00 00 00
 00 00 00 00 00

005:006:001:STREAM             1606696251.101868
 01 00 00 00 00 00 00 00 00 00 00 00 00 00 00 00
 00 00 00 00 00

005:006:001:STREAM             1606696251.104316
 01 00 00 00 00 08 00 00 00 00 00 00 00 00 00 00
 00 00 00 00 00

005:006:001:STREAM             1606696251.212378
 01 00 00 00 00 00 00 00 00 00 00 00 00 00 00 00
 00 00 00 00 00

005:006:001:STREAM             1606696251.276498
 01 00 00 00 00 00 00 10 00 00 00 00 00 00 00 00
 00 00 00 00 00

005:006:001:STREAM             1606696251.385352
 01 00 00 00 00 00 00 00 00 00 00 00 00 00 00 00
 00 00 00 00 00

005:006:001:STREAM             1606696251.640863
 01 00 00 20 00 00 00 00 00 00 00 00 00 00 00 00
 00 00 00 00 00

005:006:001:STREAM             1606696251.750643
 01 00 00 00 00 00 00 00 00 00 00 00 00 00 00 00
 00 00 00 00 00

005:006:001:STREAM             1606696251.854356
 01 00 00 00 00 01 00 00 00 00 00 00 00 00 00 00
 00 00 00 00 00

005:006:001:STREAM             1606696251.958354
 01 00 00 00 00 00 00 00 00 00 00 00 00 00 00 00
 00 00 00 00 00

005:006:001:STREAM             1606696252.062336
 01 00 00 00 01 00 00 00 00 00 00 00 00 00 00 00
 00 00 00 00 00

005:006:001:STREAM             1606696252.157015
 01 00 00 00 00 00 00 00 00 00 00 00 00 00 00 00
 00 00 00 00 00

005:006:001:STREAM             1606696252.224863
 01 00 00 00 08 00 00 00 00 00 00 00 00 00 00 00
 00 00 00 00 00

005:006:001:STREAM             1606696252.313863
 01 00 00 00 00 00 00 00 00 00 00 00 00 00 00 00
 00 00 00 00 00

005:006:001:STREAM             1606696252.369337
 01 00 00 01 00 00 00 00 00 00 00 00 00 00 00 00
 00 00 00 00 00

005:006:001:STREAM             1606696252.470494
 01 00 00 00 00 00 00 00 00 00 00 00 00 00 00 00
 00 00 00 00 00

005:006:001:STREAM             1606696252.572861
 01 00 80 00 00 00 00 00 00 00 00 00 00 00 00 00
 00 00 00 00 00

005:006:001:STREAM             1606696252.654862
 01 00 00 00 00 00 00 00 00 00 00 00 00 00 00 00
 00 00 00 00 00

005:006:001:STREAM             1606696252.667121
 01 00 00 00 00 00 00 10 00 00 00 00 00 00 00 00
 00 00 00 00 00

005:006:001:STREAM             1606696252.792394
 01 00 00 00 00 00 00 00 00 00 00 00 00 00 00 00
 00 00 00 00 00

005:006:001:STREAM             1606696252.847351
 01 00 00 00 04 00 00 00 00 00 00 00 00 00 00 00
 00 00 00 00 00

005:006:001:STREAM             1606696252.965932
 01 00 00 00 00 00 00 00 00 00 00 00 00 00 00 00
 00 00 00 00 00

005:006:001:STREAM             1606696252.977955
 01 00 00 00 00 02 00 00 00 00 00 00 00 00 00 00
 00 00 00 00 00

005:006:001:STREAM             1606696253.098353
 01 00 00 00 00 00 00 00 00 00 00 00 00 00 00 00
 00 00 00 00 00

005:006:001:STREAM             1606696253.149864
 01 00 00 01 00 00 00 00 00 00 00 00 00 00 00 00
 00 00 00 00 00

005:006:001:STREAM             1606696253.264861
 01 00 00 01 20 00 00 00 00 00 00 00 00 00 00 00
 00 00 00 00 00

005:006:001:STREAM             1606696253.314864
 01 00 00 00 20 00 00 00 00 00 00 00 00 00 00 00
 00 00 00 00 00

005:006:001:STREAM             1606696253.401353
 01 00 00 00 00 00 00 00 00 00 00 00 00 00 00 00
 00 00 00 00 00

005:006:001:STREAM             1606696253.453876
 01 00 00 00 00 00 00 10 00 00 00 00 00 00 00 00
 00 00 00 00 00

005:006:001:STREAM             1606696253.557876
 01 00 00 00 00 00 00 00 00 00 00 00 00 00 00 00
 00 00 00 00 00

005:006:001:STREAM             1606696253.592393
 01 00 00 00 80 00 00 00 00 00 00 00 00 00 00 00
 00 00 00 00 00

005:006:001:STREAM             1606696253.694863
 01 00 00 08 80 00 00 00 00 00 00 00 00 00 00 00
 00 00 00 00 00

005:006:001:STREAM             1606696253.704350
 01 00 00 08 00 00 00 00 00 00 00 00 00 00 00 00
 00 00 00 00 00

005:006:001:STREAM             1606696253.798867
 01 00 00 09 00 00 00 00 00 00 00 00 00 00 00 00
 00 00 00 00 00

005:006:001:STREAM             1606696253.800348
 01 00 00 01 00 00 00 00 00 00 00 00 00 00 00 00
 00 00 00 00 00

005:006:001:STREAM             1606696253.908853
 01 00 00 00 00 00 00 00 00 00 00 00 00 00 00 00
 00 00 00 00 00

005:006:001:STREAM             1606696253.921334
 01 00 00 00 00 00 00 10 00 00 00 00 00 00 00 00
 00 00 00 00 00

005:006:001:STREAM             1606696254.035947
 01 00 00 00 00 00 00 00 00 00 00 00 00 00 00 00
 00 00 00 00 00

005:006:001:STREAM             1606696254.297862
 01 00 00 80 00 00 00 00 00 00 00 00 00 00 00 00
 00 00 00 00 00

005:006:001:STREAM             1606696254.391352
 01 00 10 80 00 00 00 00 00 00 00 00 00 00 00 00
 00 00 00 00 00

005:006:001:STREAM             1606696254.399334
 01 00 10 00 00 00 00 00 00 00 00 00 00 00 00 00
 00 00 00 00 00

005:006:001:STREAM             1606696254.491872
 01 00 00 00 00 00 00 00 00 00 00 00 00 00 00 00
 00 00 00 00 00

005:006:001:STREAM             1606696254.591864
 01 00 00 00 00 20 00 00 00 00 00 00 00 00 00 00
 00 00 00 00 00

005:006:001:STREAM             1606696254.734968
 01 00 00 00 00 00 00 00 00 00 00 00 00 00 00 00
 00 00 00 00 00

005:006:001:STREAM             1606696254.818499
 01 00 00 00 00 10 00 00 00 00 00 00 00 00 00 00
 00 00 00 00 00

005:006:001:STREAM             1606696254.938385
 01 00 00 00 00 00 00 00 00 00 00 00 00 00 00 00
 00 00 00 00 00

005:006:001:STREAM             1606696255.362356
 01 00 00 00 00 00 00 10 00 00 00 00 00 00 00 00
 00 00 00 00 00

005:006:001:STREAM             1606696255.480863
 01 00 00 00 00 00 00 00 00 00 00 00 00 00 00 00
 00 00 00 00 00

005:006:001:STREAM             1606696255.527869
 01 00 80 00 00 00 00 00 00 00 00 00 00 00 00 00
 00 00 00 00 00

005:006:001:STREAM             1606696255.635961
 01 00 00 00 00 00 00 00 00 00 00 00 00 00 00 00
 00 00 00 00 00

005:006:001:STREAM             1606696255.636350
 01 00 00 00 04 00 00 00 00 00 00 00 00 00 00 00
 00 00 00 00 00

005:006:001:STREAM             1606696255.771873
 01 00 00 00 00 00 00 00 00 00 00 00 00 00 00 00
 00 00 00 00 00

005:006:001:STREAM             1606696255.773334
 01 00 00 04 00 00 00 00 00 00 00 00 00 00 00 00
 00 00 00 00 00

005:006:001:STREAM             1606696255.869353
 01 00 00 00 00 00 00 00 00 00 00 00 00 00 00 00
 00 00 00 00 00

005:006:001:STREAM             1606696256.024861
 01 00 00 00 00 00 00 00 80 00 00 00 00 00 00 00
 00 00 00 00 00

005:006:001:STREAM             1606696256.094863
 01 00 00 00 00 00 00 00 00 00 00 00 00 00 00 00
 00 00 00 00 00

005:006:001:STREAM             1606696259.208443
 01 00 00 00 00 00 00 01 00 00 00 00 00 00 00 00
 00 00 00 00 00

005:006:001:STREAM             1606696259.253863
 01 00 00 00 00 00 00 00 00 00 00 00 00 00 00 00
 00 00 00 00 00

005:006:001:STREAM             1606696288.233586
 01 00 00 01 00 00 00 00 00 00 00 00 00 00 00 00
 00 00 00 00 00

005:006:001:STREAM             1606696288.235335
 01 00 80 01 00 00 00 00 00 00 00 00 00 00 00 00
 00 00 00 00 00

005:006:001:STREAM             1606696288.253873
 01 00 80 00 00 00 00 00 00 00 00 00 00 00 00 00
 00 00 00 00 00

005:006:001:STREAM             1606696288.255331
 01 00 00 00 00 00 00 00 00 00 00 00 00 00 00 00
 00 00 00 00 00

